22088664
12680658
197076
194231
2361345
16051830
1910668
6214
190454
11135560
14414
2221988
4121985
18934609
258003
457541
2650491
20379517
26412583
9538661
4894
170597
8376329
16658699
1060951
15520522
19075
29835160
949430
23271392
5917956
1507783
10312170
1567228
17104474
597605
1833468
10494108
8166267
6047646
15474574
1884732
2650009
1978427
4752417
4545261
12676132
405390
15305293
90589
524329
2405344
3726085
14945620
11424595
5594793
1107750
3959201
6637740
578676
2627037
404386
74327
575818
1559114
80438
84467
26262954
1540607
5213983
4646461
7502351
5103640
261981
248880
95886
26644
6278
150378
2159670
1184799
2600911
62336
1030499
37062
370712
167342
27691
11819
14896
1980643
570530
210650
1041194
97298
1502038
13569
11
